14284 0
14284 0
14284 0
14284 0
14284 0
14284 0
14284 0
40366 0
40366 0
33410 0
33410 0
33410 0
33410 0
33410 0
33410 0
33410 0
33410 0
33410 0
33410 0
33410 0
33410 0
33410 0
33410 0
33410 0
33410 0
33410 0
33410 0
33410 0
4472 0
4472 0
37474 0
37474 0
33835 0
17573 0
17573 0
17573 0
17573 0
17573 0
17573 0
17573 0
17573 0
17573 0
17573 0
17573 0
17573 0
17573 0
17573 0
17573 0
17215 0
16057 0
16057 0
16057 0
19402 0
29517 0
29517 0
27248 0
27248 0
40589 0
11705 0
23166 0
23166 0
23166 0
23166 0
40416 0
37329 0
35661 0
35661 0
35661 0
35661 0
35661 0
35661 0
35661 0
35661 0
35661 0
35661 0
35649 0
35649 0
39932 0
39932 0
31759 0
31759 0
22902 0
22902 0
22902 0
22902 0
22902 0
22902 0
22902 0
22902 0
22902 0
22902 0
22902 0
22902 0
22902 0
22902 0
22902 0
22902 0
22902 0
22902 0
22902 0
22902 0
22902 0
22902 0
22902 0
22902 0
22902 0
22902 0
22902 0
22902 0
22902 0
22902 0
22902 0
22902 0
22902 0
22902 0
22902 0
22902 0
22902 0
22902 0
22902 0
22902 0
22902 0
22902 0
22902 0
22902 0
22902 0
22902 0
22902 0
22902 0
22902 0
22902 0
22902 0
22902 0
22902 0
22902 0
22902 0
22902 0
22902 0
22902 0
22902 0
22902 0
22902 0
22902 0
22902 0
22902 0
22902 0
22902 0
22902 0
22902 0
22902 0
22902 0
22902 0
22902 0
22902 0
22902 0
22902 0
22902 0
22902 0
22902 0
22902 0
22902 0
22902 0
22902 0
22902 0
22902 0
22902 0
22902 0
22902 0
22902 0
22902 0
22902 0
22902 0
22902 0
22902 0
22902 0
22902 0
22902 0
22902 0
22902 0
22902 0
22902 0
22902 0
22902 0
22902 0
22902 0
22902 0
22902 0
22902 0
22902 0
22902 0
22902 0
22902 0
22902 0
22902 0
22902 0
22902 0
22902 0
22902 0
22902 0
22902 0
22902 0
22902 0
22902 0
22902 0
22902 0
22902 0
22902 0
22902 0
22902 0
22902 0
22902 0
22902 0
22902 0
22902 0
22902 0
22902 0
22902 0
22902 0
22902 0
22902 0
22902 0
22902 0
22902 0
22902 0
22902 0
22902 0
22902 0
22902 0
22902 0
22902 0
22902 0
22902 0
22902 0
22902 0
22902 0
22902 0
22902 0
22902 0
22902 0
22902 0
22902 0
22902 0
22902 0
22902 0
22902 0
22902 0
22902 0
22902 0
22902 0
22902 0
22902 0
22902 0
22902 0
22902 0
22902 0
22902 0
22902 0
22902 0
22902 0
22902 0
22902 0
22902 0
22902 0
22902 0
22902 0
22902 0
22902 0
22902 0
22902 0
22902 0
22902 0
22902 0
22902 0
22902 0
22902 0
22902 0
22902 0
22902 0
22902 0
22902 0
22902 0
22902 0
22902 0
22902 0
22902 0
22902 0
22902 0
22902 0
22902 0
22902 0
22902 0
22902 0
22902 0
22902 0
22902 0
22902 0
22902 0
22902 0
22902 0
22902 0
22902 0
22902 0
22902 0
22902 0
22902 0
22902 0
22902 0
22902 0
22902 0
22902 0
22902 0
22902 0
22902 0
22902 0
22902 0
22902 0
22902 0
22902 0
22902 0
22902 0
22902 0
22902 0
22902 0
22902 0
22902 0
22902 0
22902 0
22902 0
22902 0
22902 0
22902 0
22902 0
22902 0
22902 0
22902 0
22902 0
22902 0
22902 0
22902 0
22902 0
22902 0
22902 0
22902 0
22902 0
22902 0
22902 0
22902 0
22902 0
22902 0
22902 0
22902 0
22902 0
22902 0
22902 0
22902 0
22902 0
22902 0
22902 0
22902 0
22902 0
22902 0
22902 0
22902 0
22902 0
22902 0
22902 0
22902 0
22902 0
22902 0
22902 0
22902 0
22902 0
22902 0
22902 0
22902 0
22902 0
22902 0
22902 0
22902 0
22902 0
22902 0
22902 0
22902 0
22902 0
22902 0
22902 0
22902 0
22902 0
22902 0
22902 0
22902 0
22902 0
22902 0
22902 0
22902 0
22902 0
22902 0
22902 0
22902 0
22902 0
22902 0
22902 0
22902 0
22902 0
22902 0
22902 0
22902 0
22902 0
22902 0
22902 0
22902 0
22902 0
22902 0
22902 0
22902 0
22902 0
22902 0
22902 0
22902 0
22902 0
22902 0
22902 0
22902 0
22902 0
22902 0
22902 0
22902 0
22902 0
22902 0
22902 0
22902 0
22902 0
22902 0
22902 0
22902 0
22902 0
22902 0
22902 0
22902 0
22902 0
22902 0
22902 0
22902 0
22902 0
22902 0
22902 0
22902 0
22902 0
22902 0
22902 0
22902 0
22902 0
22902 0
22902 0
22902 0
22902 0
22902 0
22902 0
22902 0
22902 0
22902 0
22902 0
22902 0
22902 0
22902 0
22902 0
22902 0
22902 0
22902 0
22902 0
22902 0
22902 0
22902 0
22902 0
22902 0
22902 0
22902 0
22902 0
22902 0
22902 0
30337 0
30337 0
30337 0
30337 0
30337 0
30337 0
30337 0
30337 0
30337 0
2013 0
2013 0
16643 0
16643 0
16643 0
16643 0
31565 0
1123 0
1123 0
1123 0
1123 0
1123 0
1123 0
1123 0
1123 0
1123 0
1123 0
1123 0
1123 0
1123 0
1123 0
1123 0
1123 0
1123 0
1123 0
1123 0
1123 0
1123 0
1123 0
1123 0
1123 0
1123 0
1123 0
1123 0
1123 0
1123 0
1123 0
1123 0
1123 0
1123 0
1123 0
1123 0
1123 0
1123 0
1123 0
39662 0
10297 0
10297 0
14620 0
14620 0
38651 0
38888 0
38888 0
38888 0
39994 0
14741 0
14741 0
14741 0
14741 0
14741 0
14741 0
14741 0
14741 0
14741 0
14741 0
14741 0
14741 0
14741 0
14741 0
14741 0
29601 0
29601 0
29601 0
29601 0
29601 0
29601 0
29601 0
29601 0
29601 0
29601 0
29601 0
29601 0
29601 0
29601 0
21277 0
18145 0
18145 0
18145 1
18145 0
18145 0
18145 1
12454 0
12454 0
12454 0
30178 0
4598 0
4598 0
4598 0
4598 0
22805 0
2301 0
2301 0
2301 0
2301 0
33851 0
33851 0
36732 0
36732 0
27398 0
35617 0
35617 0
35617 0
35617 0
35617 0
35617 0
35617 0
35617 0
35617 0
35617 0
21111 0
21111 0
21111 0
21111 0
21111 0
21111 0
21111 0
21111 0
21111 0
21111 0
21111 0
21111 0
21111 0
21111 0
21111 0
21111 0
21111 0
21111 0
21111 0
21111 0
21111 0
21111 0
21111 0
21111 0
21111 0
21111 0
21111 0
21111 0
21111 0
21111 0
21111 0
21111 0
21111 0
21111 0
21111 0
21111 0
21111 0
21111 0
21111 0
21111 0
33501 0
33501 0
33501 0
33501 0
33501 0
33501 0
33501 0
33501 0
33501 0
33501 0
33501 0
14579 0
37836 0
37836 0
37836 0
37836 0
774 0
774 0
774 0
774 0
774 0
774 0
774 0
774 0
774 0
774 0
774 0
774 0
774 0
774 0
774 0
774 0
774 0
774 0
774 0
774 0
774 0
774 0
774 0
774 0
774 0
774 0
774 0
774 0
774 0
774 0
774 0
774 0
774 0
774 0
774 0
774 0
774 0
774 0
774 0
774 0
7530 0
7530 0
7530 0
7530 0
36645 0
36645 0
36334 0
1430 0
1430 0
21241 0
39817 0
39817 0
39817 0
39817 0
39817 0
39817 0
39817 0
39817 0
39817 0
39817 0
32605 0
32605 0
32605 0
32605 0
22416 0
22416 0
40090 0
8342 0
8342 0
8342 0
8342 0
8342 0
8342 0
8342 0
8342 0
8342 0
8342 0
8342 0
8342 0
8342 0
8342 0
18170 0
18170 1
18170 1
18170 1
18170 1
18170 0
18170 1
18170 1
18170 1
18170 1
40469 0
40469 0
33450 0
4591 0
4591 0
40092 0
21900 0
21900 0
17518 0
17518 1
17518 1
17518 1
17518 1
32559 0
32559 0
32559 0
32559 0
32559 0
32559 0
32559 0
32559 0
32559 0
32559 0
32559 0
40118 0
40118 0
27024 0
27024 0
347 0
347 0
347 0
347 0
347 0
347 0
347 0
347 0
347 0
347 0
3985 0
3985 0
39019 0
35637 0
28869 0
28869 0
18438 1
18438 1
14758 0
14758 0
14994 1
14994 1
35806 0
35806 0
40241 0
40241 0
40241 0
10107 0
10107 0
10107 0
10107 0
10107 0
10107 0
10107 0
10107 0
10107 0
5515 0
5515 0
5515 0
5515 0
5515 0
5515 0
5515 0
5515 0
5515 0
5515 0
5515 0
5515 0
5515 0
27486 0
27486 0
40353 0
39684 0
39684 0
9611 0
9611 0
27334 0
27334 0
39644 0
39644 0
36563 0
36563 0
36563 0
36563 0
1879 0
1879 0
1879 0
1879 0
1879 0
1879 0
39269 0
10604 0
10604 0
10604 0
2021 0
2021 0
2021 0
2021 0
14274 0
14274 0
14274 0
14274 0
14274 0
14274 0
14274 0
14274 0
40341 0
40341 0
39127 0
39127 0
39127 0
34577 0
34577 0
21999 0
21999 0
16884 0
16884 0
16884 0
16884 1
16884 1
16884 1
16884 1
16884 0
16884 0
16884 0
16884 1
16884 1
16884 1
16884 1
16884 0
16884 0
16884 0
16884 1
16884 1
16884 1
16884 1
23803 0
23803 0
39326 0
39326 0
5629 0
5629 0
3270 0
14458 0
14458 0
14458 0
30101 0
9600 0
9600 0
9600 0
9600 0
9600 0
9600 0
40425 0
40425 0
40425 0
40425 0
1710 0
9221 0
9221 0
9221 0
3255 0
3255 0
3255 0
3255 0
3255 0
3255 0
3255 0
3255 0
3255 0
39705 0
39705 0
39705 0
39705 0
39705 0
39705 0
39705 0
39705 0
39664 0
39664 0
39664 0
39664 0
39664 0
39664 0
12182 0
12182 0
12182 0
12182 0
12182 0
12182 0
12182 0
12182 0
30460 0
30460 0
30460 0
30460 0
30460 0
30460 0
4679 0
4679 0
4679 0
4679 0
4679 0
4679 0
40340 0
40340 0
40340 0
40340 0
15 0
15 0
15 0
15 0
15 0
15 0
15 0
15 0
15 0
15 0
44 0
223 0
223 0
223 0
223 0
223 0
223 0
292 0
292 0
300 0
300 0
466 0
470 0
470 0
470 0
470 0
470 0
470 0
470 0
470 0
470 0
470 0
470 0
470 0
470 0
470 0
470 0
470 0
1027 0
1027 0
1027 0
1041 0
1041 0
1041 0
1041 0
1226 0
1226 0
1226 0
1226 0
1226 0
1288 0
1288 0
1456 0
1518 0
1518 0
1518 0
1518 0
1518 0
1518 0
1518 0
1518 0
1518 0
1518 0
1518 0
1518 0
1518 0
1518 0
1518 0
1518 0
1518 0
1518 0
1518 0
1518 0
1518 0
1518 0
1518 0
1518 0
1518 0
1518 0
1518 0
1518 0
1518 0
1518 0
1518 0
1518 0
1518 0
1518 0
1518 0
1518 0
1518 0
1518 0
1518 0
1518 0
1518 0
1518 0
1518 0
1518 0
1518 0
1518 0
1518 0
1518 0
1570 0
1570 0
1697 0
1697 0
1697 0
1824 0
2717 0
2821 0
2821 0
4481 0
4523 0
4523 0
4523 0
4523 0
4523 0
4523 0
4523 0
4523 0
4619 0
4645 0
4645 0
4645 0
5133 0
5133 0
5572 0
5591 0
5591 0
6003 0
6003 0
6003 0
6003 0
6003 0
6003 0
6003 0
6003 0
6003 0
6003 0
6003 0
6003 0
6297 0
6297 0
6297 0
6348 0
6404 0
6596 0
6596 0
6596 0
6743 0
6743 0
6743 0
6743 0
6743 0
6743 0
6743 0
6743 0
6743 0
6743 0
6743 0
6743 0
6743 0
6743 0
6743 0
6743 0
6743 0
6743 0
6753 0
6753 0
6753 0
6753 0
6753 0
6753 0
6753 0
6753 0
6753 0
6753 0
6753 0
6753 0
6798 0
6798 0
6798 0
6798 0
6798 0
6798 0
6798 0
6798 0
6798 0
6798 0
6798 0
6798 0
6806 0
6806 0
6806 0
6806 0
6806 0
6806 0
6833 0
6833 0
6929 0
6929 0
7440 0
7440 0
7440 0
7440 0
7440 0
7440 0
7570 0
7570 0
7570 0
7891 0
7891 0
8233 0
8233 0
8233 0
8233 0
8233 0
8233 0
8233 0
8233 0
8233 0
8555 0
8555 0
8555 0
8598 0
8598 0
8598 0
8598 0
8598 0
8598 0
8598 0
8598 0
8606 0
8606 0
8606 0
8606 0
8606 0
8606 0
8606 0
8647 0
8647 0
8647 0
8647 0
8647 0
8647 0
8647 0
8647 0
8766 0
8766 0
8766 0
8766 0
8766 0
8766 0
8939 0
8939 0
9242 0
9309 0
9309 0
9329 0
9329 0
9329 0
9329 0
9329 0
9329 0
9333 0
9333 0
9445 0
9502 0
9502 0
9502 0
9502 0
9502 0
9502 0
9750 0
9750 0
9750 0
9750 0
9750 0
9750 0
9750 0
9750 0
9750 0
9750 0
9750 0
9750 0
9750 0
9750 0
9750 0
9750 0
9750 0
9750 0
9750 0
9750 0
9750 0
9750 0
9750 0
9750 0
9750 0
9750 0
9750 0
9750 0
9750 0
9750 0
9750 0
9750 0
9750 0
9750 0
9750 0
9750 0
9750 0
9750 0
9759 0
9759 0
9759 0
9759 0
9759 0
9759 0
9779 0
9779 0
9779 0
9802 0
9820 0
9820 0
9820 0
9820 0
9820 0
9820 0
9820 0
9820 0
9843 0
9843 0
9843 0
9843 0
9843 0
9843 0
9843 0
9843 0
9843 0
9843 0
9843 0
9843 0
9843 0
9843 0
9843 0
9843 0
9843 0
9843 0
9843 0
9843 0
9843 0
9843 0
9843 0
9843 0
9843 0
9843 0
9843 0
9843 0
9843 0
9843 0
9843 0
9843 0
9843 0
9843 0
9843 0
9843 0
9843 0
9843 0
9843 0
9858 0
9858 0
9892 0
9978 0
9978 0
9978 0
9978 0
9978 0
9978 0
9998 0
9998 0
9998 0
10022 0
10022 0
10022 0
10129 0
10129 0
10129 0
10129 0
10129 0
10129 0
10146 0
10146 0
10146 0
10146 0
10186 0
10186 0
10186 0
10186 0
10186 0
10186 0
10186 0
10186 0
10186 0
10186 0
10186 0
10186 0
10186 0
10186 0
10186 0
10186 0
10186 0
10186 0
10186 0
10186 0
10186 0
10186 0
10186 0
10186 0
10233 0
10233 0
10233 0
10253 0
10253 0
10253 0
10431 0
10431 0
10431 0
10559 0
10559 0
10559 0
10559 0
10559 0
10559 0
10559 0
10559 0
10559 0
10559 0
10559 0
10559 0
10559 0
10559 0
10559 0
10559 0
10559 0
10559 0
10559 0
10559 0
10559 0
10661 0
10661 0
10755 0
10755 0
10755 0
10758 0
10758 0
10758 0
10763 0
10763 0
10763 0
10763 0
10763 0
10763 0
10763 0
10803 0
10803 0
10803 0
10807 0
10826 0
10826 0
10826 0
10831 0
10831 0
10831 0
10855 0
10933 0
10933 0
10933 0
10933 0
10933 0
10933 0
10933 0
10933 0
10933 0
10933 0
10933 0
10933 0
11178 0
11178 0
11182 0
11182 0
11182 0
11182 0
11182 0
11182 0
11182 0
11182 0
11182 0
11323 0
11339 0
11339 0
11346 0
11346 0
11415 0
11418 0
11418 0
11526 0
11640 0
11642 0
11684 0
11684 0
11711 0
11727 0
11727 0
11727 0
11727 0
11727 0
11727 0
11765 0
11765 0
11765 0
11773 0
11773 0
11775 0
11949 0
12044 0
12044 0
12044 0
12044 0
12115 0
12115 0
12115 0
12115 0
12115 0
12115 0
12075 0
12075 0
12075 0
13458 0
13458 0
15422 0
16590 0
16590 0
16590 0
16590 0
16590 0
16590 0
16590 0
16590 0
16590 0
16590 0
16590 0
16590 0
18771 1
18771 1
18771 1
18771 1
18771 1
22438 0
28157 0
28157 0
30012 0
30012 0
33354 0
33575 0
33575 0
33575 0
33575 0
36696 0
36696 0
36696 0
36696 0
39366 0
2189 1
2189 1
2189 1
2189 1
2189 1
2189 1
2189 1
2189 1
2189 1
2189 1
2189 1
2189 1
2189 1
27263 1
27263 1
27263 1
27263 1
27263 1
27263 1
22247 1
22247 1
22247 1
22247 1
1044 0
1044 0
1044 1
1044 1
1044 0
1044 0
1044 1
1044 1
1044 0
1044 0
1044 1
1044 1
1044 0
1044 0
1044 1
1044 1
1044 0
1044 0
1044 1
1044 1
1044 0
1044 0
1044 1
1044 1
3054 0
3054 1
3054 1
3054 1
3054 0
3054 1
3054 0
3054 1
3054 1
3054 1
3054 0
3054 1
3054 0
3054 1
3054 1
3054 1
3054 0
3054 1
3054 0
3054 1
3054 1
3054 1
3054 0
3054 1
3054 0
3054 1
3054 1
3054 1
3054 0
3054 1
3054 0
3054 1
3054 1
3054 1
3054 0
3054 1
3054 0
3054 1
3054 1
3054 1
3054 0
3054 1
3054 0
3054 1
3054 1
3054 1
3054 0
3054 1
3054 0
3054 1
3054 1
3054 1
3054 0
3054 1
3054 0
3054 1
3054 1
3054 1
3054 0
3054 1
3054 0
3054 1
3054 1
3054 1
3054 0
3054 1
3054 0
3054 1
3054 1
3054 1
3054 0
3054 1
3054 0
3054 1
3054 1
3054 1
3054 0
3054 1
3054 0
3054 1
3054 1
3054 1
3054 0
3054 1
3054 0
3054 1
3054 1
3054 1
3054 0
3054 1
3054 0
3054 1
3054 1
3054 1
3054 0
3054 1
3054 0
3054 1
3054 1
3054 1
3054 0
3054 1
3054 0
3054 1
3054 1
3054 1
3054 0
3054 1
3054 0
3054 1
3054 1
3054 1
3054 0
3054 1
3054 0
3054 1
3054 1
3054 1
3054 0
3054 1
30046 1
30046 1
30046 1
30046 1
30046 1
13076 1
13076 1
13076 1
13076 1
13076 1
13076 1
13076 1
13076 1
13076 1
13076 1
13076 1
13076 1
13076 1
13076 1
13076 1
13076 1
13076 1
13076 1
13076 1
13076 1
13076 1
13076 1
13076 1
13076 1
13076 1
13076 1
13076 1
13076 1
13076 1
13076 1
13076 1
13076 1
13076 1
13076 1
13076 1
13076 1
13076 1
13076 1
13076 1
13076 1
13076 1
13076 1
13076 1
13076 1
13076 1
13076 1
13076 1
13076 1
13076 1
13076 1
13076 1
13076 1
13076 1
13076 1
13076 1
13076 1
13076 1
13076 1
13076 1
13076 1
13076 1
13076 1
13076 1
13076 1
13076 1
13076 1
13076 1
13076 1
13076 1
13076 1
13076 1
13076 1
13076 1
13076 1
13076 1
13076 1
13076 1
13076 1
13076 1
13076 1
13076 1
13076 1
13076 1
13076 1
13076 1
13076 1
13076 1
13076 1
13076 1
13076 1
13076 1
13076 1
13076 1
13076 1
13076 1
13076 1
13076 1
13076 1
13076 1
13076 1
13076 1
13076 1
13076 1
13076 1
13076 1
13076 1
13076 1
13076 1
13076 1
13076 1
13076 1
13076 1
13076 1
13076 1
13076 1
13076 1
13076 1
13076 1
13076 1
13076 1
13076 1
13076 1
13076 1
13076 1
13076 1
13076 1
13076 1
13076 1
13076 1
13076 1
13076 1
13076 1
13076 1
13076 1
13076 1
13076 1
13076 1
13076 1
13076 1
13076 1
13076 1
13076 1
13076 1
13076 1
13076 1
13076 1
13076 1
13076 1
13076 1
13076 1
13076 1
13076 1
13076 1
13076 1
13076 1
13076 1
13076 1
13076 1
13076 1
13076 1
13076 1
13076 1
13076 1
13076 1
13076 1
13076 1
13076 1
13076 1
13076 1
13076 1
13076 1
13076 1
13076 1
13076 1
13076 1
13076 1
13076 1
13076 1
13076 1
13076 1
13076 1
13076 1
13076 1
13076 1
13076 1
13076 1
13076 1
13076 1
13076 1
13076 1
13076 1
13076 1
13076 1
13076 1
13076 1
13076 1
13076 1
13076 1
13076 1
13076 1
13076 1
13076 1
13076 1
13076 1
13076 1
13076 1
13076 1
13076 1
13076 1
13076 1
13076 1
13076 1
13076 1
13076 1
13076 1
13076 1
13076 1
13076 1
13076 1
13076 1
13076 1
13076 1
13076 1
13076 1
13076 1
13076 1
13076 1
13076 1
13076 1
13076 1
13076 1
13076 1
13076 1
13076 1
13076 1
13076 1
13076 1
13076 1
13076 1
13076 1
13076 1
13076 1
13076 1
13076 1
13076 1
13076 1
13076 1
13076 1
13076 1
13076 1
13076 1
13076 1
13076 1
13076 1
13076 1
13076 1
13076 1
13076 1
13076 1
13076 1
13076 1
13076 1
13076 1
13076 1
13076 1
13076 1
13076 1
13076 1
13076 1
13076 1
13076 1
13076 1
13076 1
13076 1
13076 1
13076 1
13076 1
13076 1
13076 1
13076 1
13076 1
13076 1
13076 1
13076 1
13076 1
13076 1
13076 1
13076 1
13076 1
13076 1
13076 1
13076 1
13076 1
13076 1
13076 1
13076 1
13076 1
13076 1
13076 1
13076 1
13076 1
13076 1
13076 1
13076 1
13076 1
13076 1
13076 1
13076 1
13076 1
13076 1
13076 1
13076 1
13076 1
13076 1
13076 1
13076 1
13076 1
13076 1
13076 1
13076 1
13076 1
13076 1
13076 1
13076 1
13076 1
13076 1
13076 1
13076 1
13076 1
13076 1
13076 1
13076 1
13076 1
13076 1
13076 1
13076 1
13076 1
13076 1
13076 1
13076 1
13076 1
13076 1
13076 1
13076 1
13076 1
13076 1
13076 1
13076 1
13076 1
13076 1
13076 1
13076 1
13076 1
13076 1
13076 1
13076 1
13076 1
13076 1
13076 1
13076 1
13076 1
13076 1
13076 1
13076 1
13076 1
13076 1
13076 1
13076 1
13076 1
13076 1
13076 1
13076 1
13076 1
13076 1
13076 1
13076 1
13076 1
13076 1
13076 1
13076 1
13076 1
13076 1
13076 1
13076 1
13076 1
13076 1
13076 1
13076 1
13076 1
13076 1
13076 1
13076 1
13076 1
13076 1
13076 1
13076 1
13076 1
13076 1
13076 1
13076 1
13076 1
13076 1
13076 1
13076 1
13076 1
13076 1
13076 1
13076 1
13076 1
13076 1
13076 1
13076 1
13076 1
13076 1
13076 1
13076 1
13076 1
13076 1
13076 1
13076 1
13076 1
13076 1
13076 1
13076 1
13076 1
13076 1
13076 1
13076 1
13076 1
13076 1
13076 1
13076 1
13076 1
13076 1
13076 1
13076 1
13076 1
13076 1
13076 1
13076 1
13076 1
6881 1
6881 1
6881 1
6881 1
28974 1
28974 1
28974 1
28974 1
27188 1
27188 1
27188 1
27188 1
27188 1
38724 1
38724 1
38724 1
38724 1
38724 1
38724 1
14353 1
14353 1
14353 1
14353 1
27159 1
27159 1
27159 1
27159 1
15458 1
15458 1
15458 1
15458 1
15458 1
15458 1
25808 1
25808 1
25808 1
25808 1
25808 1
25808 1
1751 1
1751 1
1751 1
1751 1
1751 1
1751 1
28687 1
28687 1
28687 1
28687 1
26523 1
26523 1
26523 1
26523 1
26523 1
26523 1
17043 1
17043 1
17043 1
17043 1
14945 1
14945 1
14945 1
14945 1
1403 1
1403 1
1403 1
1403 1
1403 1
1403 1
25196 1
25196 1
25196 1
25196 1
21697 1
21697 1
21697 1
21697 1
21697 1
17009 1
17009 1
17009 1
17009 1
17009 1
23421 1
23421 1
23421 1
23421 1
23421 1
11719 1
11719 1
11719 1
11719 1
11719 1
11719 1
24007 1
24007 1
24007 1
24007 1
24007 1
24007 1
39866 1
39866 1
39866 1
39866 1
39866 1
39866 1
39866 1
39866 1
21755 1
21755 1
21755 1
21755 1
21755 1
21755 1
22074 1
22074 1
22074 1
22074 1
22074 1
22074 1
16925 1
16925 1
16925 1
16925 1
21390 1
21390 1
21390 1
21390 1
21390 1
21390 1
2387 1
2387 0
2387 0
2387 0
2387 1
2387 0
2387 0
2387 0
2387 1
2387 0
2387 0
2387 0
2387 1
2387 0
2387 0
2387 0
2387 1
2387 0
2387 0
2387 0
2387 1
2387 0
2387 0
2387 0
2387 1
2387 0
2387 0
2387 0
2387 1
2387 0
2387 0
2387 0
2387 1
2387 0
2387 0
2387 0
2387 1
2387 0
2387 0
2387 0
40038 1
40038 1
40038 1
40038 1
13952 1
13952 1
13952 1
13952 1
13952 0
21886 1
21886 1
21886 1
21886 1
21886 1
21886 1
21886 1
21886 1
39973 1
39973 1
39973 1
39973 1
39973 1
39973 1
39973 1
39973 1
39973 1
39973 1
39973 1
39973 1
10715 1
10715 1
10715 1
10715 1
10715 1
10715 1
10715 1
10715 1
10715 1
10715 1
593 1
593 1
667 1
667 1
739 1
739 1
739 1
1813 1
1813 0
1813 1
1813 0
1813 1
1813 0
2252 1
2252 1
2252 1
2252 1
2529 1
2529 1
2563 1
2563 1
2563 0
2563 1
4453 1
4453 1
4453 1
4453 1
4453 1
4453 1
4453 1
4453 1
4453 1
4453 1
4453 1
4453 1
4453 1
4453 1
4453 1
4453 1
4453 1
4453 1
4453 1
4453 1
4453 1
4453 1
4453 1
4453 1
4453 1
4453 1
4453 1
4453 1
4453 1
4453 1
4453 1
4453 1
4453 1
4604 1
4604 0
4604 0
4604 1
4604 0
4604 0
4699 1
4699 1
4699 1
4699 1
4699 1
4699 1
4699 1
4699 1
4699 1
4699 1
4699 1
4699 1
4699 1
4699 1
4699 1
4699 1
4699 1
4699 1
4699 1
4699 1
4699 1
4699 1
4699 1
4699 1
4699 1
4699 1
4699 1
4699 1
4699 1
4699 1
4699 1
4699 1
4699 1
4699 1
4699 1
4699 1
4699 1
4699 1
4699 1
4699 1
4699 1
4699 1
4699 1
4699 1
4699 1
4699 1
4699 1
4699 1
4699 1
4699 1
4699 1
4699 1
4699 1
4699 1
4699 1
4699 1
4699 1
4699 1
4699 1
4699 1
4699 1
4699 1
4699 1
4699 1
4699 1
4699 1
4699 1
4699 1
4699 1
4699 1
4699 1
4699 1
4699 1
4699 1
4699 1
4699 1
4699 1
4699 1
4699 1
4699 1
4699 1
4699 1
4699 1
4699 1
4699 1
4699 1
4699 1
4699 1
4699 1
4699 1
4699 1
4699 1
4699 1
4699 1
4699 1
4699 1
4699 1
4699 1
4699 1
4699 1
4699 1
4699 1
4699 1
4699 1
4699 1
4699 1
4699 1
4699 1
4699 1
4699 1
4699 1
4699 1
4699 1
4699 1
4699 1
4699 1
4699 1
4699 1
4699 1
4699 1
4699 1
4699 1
4699 1
4699 1
4699 1
4699 1
4699 1
4699 1
4699 1
4699 1
4699 1
4699 1
4699 1
4699 1
4699 1
4699 1
4699 1
4699 1
4699 1
4699 1
4699 1
4699 1
4699 1
4699 1
4699 1
4699 1
4699 1
4699 1
5400 1
5580 1
5580 1
5650 1
5650 1
5650 1
5650 1
5650 1
5650 1
5650 1
5650 1
6149 1
6149 1
6149 1
6149 1
6149 1
6149 1
6149 1
6149 1
6149 1
6149 1
6149 1
6149 1
6220 1
6220 1
6220 1
6220 1
6272 1
6272 1
6272 1
6272 1
6272 1
6272 1
6272 1
6272 1
6272 1
6272 1
6272 1
6272 1
6272 1
6272 1
6272 1
6272 1
6272 1
6272 1
7330 1
7330 1
7330 1
7330 1
7338 1
7338 1
7338 1
7419 1
7419 1
7419 1
7419 1
7419 1
7419 1
7419 1
7419 1
7511 1
7511 1
7511 1
7511 1
7519 1
7519 1
7519 1
7519 1
7519 1
7519 1
7519 1
7519 1
7519 1
7519 1
7519 1
7519 1
7519 1
7519 1
7519 1
7519 1
7519 1
7519 1
7593 1
7593 1
7593 1
7593 1
7696 1
7696 1
7696 1
7696 1
7696 1
7696 1
7724 1
7724 1
7724 1
7724 1
7736 1
7736 1
7736 1
7736 1
7736 1
7736 1
7736 1
7736 1
7736 1
7736 1
7753 1
7753 1
7753 1
7753 1
7753 1
7753 1
7775 1
7775 1
7775 1
7775 1
8099 1
8099 1
8099 1
8099 1
8099 0
8099 1
8099 1
8099 0
8099 0
8099 1
8099 1
8099 1
8099 1
8099 0
8099 1
8099 1
8099 0
8099 0
8099 1
8099 1
8099 1
8099 1
8099 0
8099 1
8099 1
8099 0
8099 0
8099 1
8099 1
8099 1
8099 1
8099 0
8099 1
8099 1
8099 0
8099 0
8139 1
8139 1
8139 1
8139 1
8139 1
8139 1
8139 1
8139 1
8139 1
8139 1
8139 1
8139 1
8139 1
8139 1
8139 1
8293 1
8293 1
8293 1
8293 1
8305 1
8305 1
8305 1
8305 1
8305 1
8305 1
8305 1
8305 0
8305 0
8305 1
8305 1
8305 1
8305 1
8305 1
8305 1
8305 1
8305 1
8305 1
8305 1
8305 1
8305 1
8305 0
8305 0
8305 1
8305 1
8305 1
8305 1
8305 1
8305 1
8305 1
8305 1
8305 1
8305 1
8305 1
8305 1
8305 0
8305 0
8305 1
8305 1
8305 1
8305 1
8305 1
8305 1
8305 1
8305 1
8305 1
8305 1
8305 1
8305 1
8305 0
8305 0
8305 1
8305 1
8305 1
8305 1
8305 1
8497 1
8497 1
9208 1
9208 1
9208 1
9208 1
9210 1
9210 1
9210 1
9210 1
9210 1
9210 1
9428 0
9428 0
9428 0
9428 0
9428 0
9428 0
9428 0
9428 0
9428 0
9428 0
9428 0
9428 0
9428 0
9428 0
9428 0
9428 0
9428 0
9428 1
9428 0
9428 1
9428 0
9428 0
9428 0
9428 0
9428 0
9428 0
9428 0
9428 0
9428 0
9428 0
9428 0
9428 0
9428 1
9428 1
9428 1
9428 0
9428 0
9428 0
9428 0
9428 0
9428 0
9428 0
9428 0
9428 0
9428 0
9428 0
9428 0
9428 0
9428 0
9428 0
9428 0
9428 0
9428 1
9428 0
9428 1
9428 0
9428 0
9428 0
9428 0
9428 0
9428 0
9428 0
9428 0
9428 0
9428 0
9428 0
9428 0
9428 1
9428 1
9428 1
9479 1
9479 1
9483 0
9483 0
9483 0
9483 1
9483 1
9483 1
9483 1
9695 0
9695 0
9695 0
9695 0
9695 0
9695 0
9695 0
9695 1
9695 1
9695 0
9695 0
9695 0
9695 0
9695 0
9695 0
9695 0
9695 1
9695 1
10159 1
10159 1
10369 1
10369 1
10369 1
10369 1
10369 1
10369 0
10369 1
10369 1
10369 1
10369 1
10369 1
10369 0
10369 1
10369 1
10369 1
10369 1
10369 1
10369 0
10547 1
10547 1
10547 1
10547 1
10547 1
10547 1
11128 1
11128 1
11128 1
11128 1
11159 0
11159 0
11159 0
11159 0
11159 0
11159 0
11159 0
11159 0
11159 0
11159 0
11159 0
11159 0
11159 0
11159 0
11159 0
11159 0
11159 0
11159 0
11159 0
11159 0
11159 0
11159 0
11159 0
11159 0
11159 0
11159 0
11159 0
11159 0
11159 0
11159 0
11159 0
11159 0
11159 0
11159 0
11159 0
11159 0
11159 0
11159 0
11159 0
11159 0
11159 0
11159 0
11159 0
11159 0
11159 0
11159 0
11159 0
11159 0
11159 0
11159 0
11159 0
11159 0
11159 0
11159 0
11159 0
11159 0
11159 0
11159 0
11159 0
11159 0
11159 0
11159 0
11159 0
11159 0
11159 0
11159 0
11159 0
11159 0
11159 0
11159 0
11159 0
11159 0
11159 0
11159 0
11159 0
11159 0
11159 0
11159 0
11159 0
11159 0
11159 0
11159 0
11159 0
11159 0
11159 0
11159 0
11159 0
11159 0
11159 0
11159 0
11159 0
11191 1
11191 1
11191 1
11243 1
11243 1
11243 1
11243 1
11257 0
11257 1
11257 1
11257 1
11348 1
11348 1
11348 1
11348 1
11351 0
11351 0
11351 0
11351 0
11351 0
11351 0
11351 0
11351 0
11351 0
11351 0
11351 0
11351 0
11351 0
11351 0
11351 0
11351 0
11351 0
11351 0
11351 0
11351 0
11351 0
11351 0
11351 0
11351 0
11351 0
11351 0
11351 0
11351 0
11351 0
11351 0
11351 0
11351 0
11351 1
11351 1
11351 1
11351 1
11351 1
11351 0
11351 0
11351 0
11351 0
11351 0
11351 0
11351 0
11351 0
11351 0
11351 0
11351 0
11351 0
11351 0
11351 0
11351 0
11351 0
11351 0
11351 0
11351 0
11351 0
11351 0
11351 0
11351 0
11351 0
11351 0
11351 0
11351 0
11351 0
11351 0
11351 0
11351 0
11351 0
11351 1
11351 1
11351 1
11351 1
11351 1
11407 1
11407 1
11407 1
11407 1
11407 1
11407 1
11457 1
11457 1
11457 1
11457 1
11457 1
11457 1
11457 1
11457 1
11457 1
11457 1
11457 1
11457 1
11457 1
11457 1
11457 1
11457 1
11457 1
11457 1
11457 1
11457 1
11457 1
11457 1
11457 1
11457 1
11457 1
11457 1
11457 1
11457 1
11457 1
11457 1
11457 1
11457 1
11457 1
11457 1
11457 1
11457 1
11457 1
11457 1
11457 1
11457 1
11457 1
11457 1
11457 1
11457 1
11457 1
11457 1
11457 1
11457 1
11457 1
11457 1
11457 1
11457 1
11457 1
11457 1
11457 1
11539 1
11539 1
11539 1
11539 0
11539 0
11539 1
11539 1
11539 0
11539 0
11566 1
11566 1
11566 1
11566 1
11566 1
11566 1
11566 1
11566 1
11566 1
11566 1
11568 1
11568 1
11568 1
11568 1
11568 1
11568 1
11568 1
11568 1
11861 1
11861 1
11861 1
14953 0
14953 1
14953 0
14953 1
16152 0
16152 0
16152 0
16152 0
16152 0
16152 0
16152 0
16152 0
16152 0
16152 0
16152 0
16152 0
16152 0
16152 0
16152 0
16152 0
16152 0
16152 0
16152 0
16152 0
16152 0
16152 0
16152 0
16152 0
16152 0
16152 0
16152 0
16152 0
16152 0
16152 0
16152 0
16152 0
16152 1
16152 1
16152 1
16152 1
16152 1
16957 0
16957 1
16957 1
16957 1
16957 1
16957 1
16957 0
16957 1
16957 1
16957 1
16957 1
16957 1
16957 0
16957 1
16957 1
16957 1
16957 1
16957 1
17907 0
17907 0
17907 0
17907 0
17907 0
17907 0
17907 0
17907 0
17907 0
17907 0
17907 0
17907 0
17907 0
17907 0
17907 0
17907 0
17907 0
17907 0
17907 0
17907 0
17907 0
17907 0
17907 0
17907 0
17907 0
17907 0
17907 0
17907 0
17907 0
17907 0
17907 0
17907 0
17907 0
17907 0
17907 1
17907 1
17907 1
17907 0
17907 0
17907 0
17907 0
17907 0
17907 0
17907 0
17907 0
17907 0
17907 0
17907 0
17907 0
17907 0
17907 0
17907 0
17907 0
17907 0
17907 0
17907 0
17907 0
17907 0
17907 0
17907 0
17907 0
17907 0
17907 0
17907 0
17907 0
17907 0
17907 0
17907 0
17907 0
17907 0
17907 0
17907 1
17907 1
17907 1
17907 0
17907 0
17907 0
17907 0
17907 0
17907 0
17907 0
17907 0
17907 0
17907 0
17907 0
17907 0
17907 0
17907 0
17907 0
17907 0
17907 0
17907 0
17907 0
17907 0
17907 0
17907 0
17907 0
17907 0
17907 0
17907 0
17907 0
17907 0
17907 0
17907 0
17907 0
17907 0
17907 0
17907 0
17907 1
17907 1
17907 1
17907 0
17907 0
17907 0
17907 0
17907 0
17907 0
17907 0
17907 0
17907 0
17907 0
17907 0
17907 0
17907 0
17907 0
17907 0
17907 0
17907 0
17907 0
17907 0
17907 0
17907 0
17907 0
17907 0
17907 0
17907 0
17907 0
17907 0
17907 0
17907 0
17907 0
17907 0
17907 0
17907 0
17907 0
17907 1
17907 1
17907 1
17907 0
17907 0
17907 0
17907 0
17907 0
17907 0
17907 0
17907 0
17907 0
17907 0
17907 0
17907 0
17907 0
17907 0
17907 0
17907 0
17907 0
17907 0
17907 0
17907 0
17907 0
17907 0
17907 0
17907 0
17907 0
17907 0
17907 0
17907 0
17907 0
17907 0
17907 0
17907 0
17907 0
17907 0
17907 1
17907 1
17907 1
17907 0
17907 0
17907 0
17907 0
17907 0
17907 0
17907 0
17907 0
17907 0
17907 0
17907 0
17907 0
17907 0
17907 0
17907 0
17907 0
17907 0
17907 0
17907 0
17907 0
17907 0
17907 0
17907 0
17907 0
17907 0
17907 0
17907 0
17907 0
17907 0
17907 0
17907 0
17907 0
17907 0
17907 0
17907 1
17907 1
17907 1
17949 0
17949 1
17949 1
17949 1
17949 1
17949 1
17949 1
17949 1
17949 0
17949 1
17949 1
17949 1
17949 1
17949 1
17949 1
17949 1
20259 1
20259 1
20259 1
20259 1
20259 1
20259 1
20259 1
20259 1
20259 1
20259 1
20259 1
20259 1
20259 1
20259 1
20259 1
20259 1
20259 1
20259 1
20259 1
20259 1
20259 1
20259 1
20259 1
20259 1
20888 1
20888 1
20888 1
22273 1
22273 1
22273 1
22273 1
22714 0
22714 1
22714 1
35713 1
35713 1
35713 0
35713 1
35713 0
35713 0
35897 1
35897 0
35897 0
35897 1
35897 1
35897 1
35897 0
35897 0
35897 1
35897 1
35897 1
35897 0
35897 0
35897 1
35897 1
37390 1
37390 1
37390 0
37390 1
38239 1
39091 1
14284 0
14284 0
14284 0
14284 0
14284 0
14284 0
14284 0
40366 0
40366 0
33410 0
33410 0
33410 0
33410 0
33410 0
33410 0
33410 0
33410 0
33410 0
33410 0
33410 0
33410 0
33410 0
33410 0
33410 0
33410 0
33410 0
33410 0
33410 0
4472 0
4472 0
37474 0
37474 0
33835 0
17573 0
17573 0
17573 0
17573 0
17573 0
17573 0
17573 0
17573 0
17573 0
17573 0
17573 0
17573 0
17573 0
17573 0
17573 0
17215 0
16057 0
16057 0
16057 0
19402 0
29517 0
29517 0
27248 0
27248 0
40589 0
11705 0
23166 0
23166 0
23166 0
23166 0
40416 0
37329 0
35661 0
35661 0
35661 0
35661 0
35661 0
35661 0
35661 0
35661 0
35661 0
35661 0
35649 0
35649 0
39932 0
39932 0
31759 0
31759 0
22902 0
22902 0
22902 0
22902 0
22902 0
22902 0
22902 0
22902 0
22902 0
22902 0
22902 0
22902 0
22902 0
22902 0
22902 0
22902 0
22902 0
22902 0
22902 0
22902 0
22902 0
22902 0
22902 0
22902 0
22902 0
22902 0
22902 0
22902 0
22902 0
22902 0
22902 0
22902 0
22902 0
22902 0
22902 0
22902 0
22902 0
22902 0
22902 0
22902 0
22902 0
22902 0
22902 0
22902 0
22902 0
22902 0
22902 0
22902 0
22902 0
22902 0
22902 0
22902 0
22902 0
22902 0
22902 0
22902 0
22902 0
22902 0
22902 0
22902 0
22902 0
22902 0
22902 0
22902 0
22902 0
22902 0
22902 0
22902 0
22902 0
22902 0
22902 0
22902 0
22902 0
22902 0
22902 0
22902 0
22902 0
22902 0
22902 0
22902 0
22902 0
22902 0
22902 0
22902 0
22902 0
22902 0
22902 0
22902 0
22902 0
22902 0
22902 0
22902 0
22902 0
22902 0
22902 0
22902 0
22902 0
22902 0
22902 0
22902 0
22902 0
22902 0
22902 0
22902 0
22902 0
22902 0
22902 0
22902 0
22902 0
22902 0
22902 0
22902 0
22902 0
22902 0
22902 0
22902 0
22902 0
22902 0
22902 0
22902 0
22902 0
22902 0
22902 0
22902 0
22902 0
22902 0
22902 0
22902 0
22902 0
22902 0
22902 0
22902 0
22902 0
22902 0
22902 0
22902 0
22902 0
22902 0
22902 0
22902 0
22902 0
22902 0
22902 0
22902 0
22902 0
22902 0
22902 0
22902 0
22902 0
22902 0
22902 0
22902 0
22902 0
22902 0
22902 0
22902 0
22902 0
22902 0
22902 0
22902 0
22902 0
22902 0
22902 0
22902 0
22902 0
22902 0
22902 0
22902 0
22902 0
22902 0
22902 0
22902 0
22902 0
22902 0
22902 0
22902 0
22902 0
22902 0
22902 0
22902 0
22902 0
22902 0
22902 0
22902 0
22902 0
22902 0
22902 0
22902 0
22902 0
22902 0
22902 0
22902 0
22902 0
22902 0
22902 0
22902 0
22902 0
22902 0
22902 0
22902 0
22902 0
22902 0
22902 0
22902 0
22902 0
22902 0
22902 0
22902 0
22902 0
22902 0
22902 0
22902 0
22902 0
22902 0
22902 0
22902 0
22902 0
22902 0
22902 0
22902 0
22902 0
22902 0
22902 0
22902 0
22902 0
22902 0
22902 0
22902 0
22902 0
22902 0
22902 0
22902 0
22902 0
22902 0
22902 0
22902 0
22902 0
22902 0
22902 0
22902 0
22902 0
22902 0
22902 0
22902 0
22902 0
22902 0
22902 0
22902 0
22902 0
22902 0
22902 0
22902 0
22902 0
22902 0
22902 0
22902 0
22902 0
22902 0
22902 0
22902 0
22902 0
22902 0
22902 0
22902 0
22902 0
22902 0
22902 0
22902 0
22902 0
22902 0
22902 0
22902 0
22902 0
22902 0
22902 0
22902 0
22902 0
22902 0
22902 0
22902 0
22902 0
22902 0
22902 0
22902 0
22902 0
22902 0
22902 0
22902 0
22902 0
22902 0
22902 0
22902 0
22902 0
22902 0
22902 0
22902 0
22902 0
22902 0
22902 0
22902 0
22902 0
22902 0
22902 0
22902 0
22902 0
22902 0
22902 0
22902 0
22902 0
22902 0
22902 0
22902 0
22902 0
22902 0
22902 0
22902 0
22902 0
22902 0
22902 0
22902 0
22902 0
22902 0
22902 0
22902 0
22902 0
22902 0
22902 0
22902 0
22902 0
22902 0
22902 0
22902 0
22902 0
22902 0
22902 0
22902 0
22902 0
22902 0
22902 0
22902 0
22902 0
22902 0
22902 0
22902 0
22902 0
22902 0
22902 0
22902 0
22902 0
22902 0
22902 0
22902 0
22902 0
22902 0
22902 0
22902 0
22902 0
22902 0
22902 0
22902 0
22902 0
22902 0
22902 0
22902 0
22902 0
22902 0
22902 0
22902 0
22902 0
22902 0
22902 0
22902 0
22902 0
22902 0
22902 0
22902 0
22902 0
22902 0
22902 0
22902 0
22902 0
22902 0
22902 0
22902 0
22902 0
22902 0
22902 0
22902 0
22902 0
22902 0
22902 0
22902 0
22902 0
22902 0
22902 0
22902 0
22902 0
22902 0
22902 0
30337 0
30337 0
30337 0
30337 0
30337 0
30337 0
30337 0
30337 0
30337 0
2013 0
2013 0
16643 0
16643 0
16643 0
16643 0
31565 0
1123 0
1123 0
1123 0
1123 0
1123 0
1123 0
1123 0
1123 0
1123 0
1123 0
1123 0
1123 0
1123 0
1123 0
1123 0
1123 0
1123 0
1123 0
1123 0
1123 0
1123 0
1123 0
1123 0
1123 0
1123 0
1123 0
1123 0
1123 0
1123 0
1123 0
1123 0
1123 0
1123 0
1123 0
1123 0
1123 0
1123 0
1123 0
39662 0
10297 0
10297 0
14620 0
14620 0
38651 0
38888 0
38888 0
38888 0
39994 0
14741 0
14741 0
14741 0
14741 0
14741 0
14741 0
14741 0
14741 0
14741 0
14741 0
14741 0
14741 0
14741 0
14741 0
14741 0
29601 0
29601 0
29601 0
29601 0
29601 0
29601 0
29601 0
29601 0
29601 0
29601 0
29601 0
29601 0
29601 0
29601 0
21277 0
18145 0
18145 0
18145 1
18145 0
18145 0
18145 1
12454 0
12454 0
12454 0
30178 0
4598 0
4598 0
4598 0
4598 0
22805 0
2301 0
2301 0
2301 0
2301 0
33851 0
33851 0
36732 0
36732 0
27398 0
35617 0
35617 0
35617 0
35617 0
35617 0
35617 0
35617 0
35617 0
35617 0
35617 0
21111 0
21111 0
21111 0
21111 0
21111 0
21111 0
21111 0
21111 0
21111 0
21111 0
21111 0
21111 0
21111 0
21111 0
21111 0
21111 0
21111 0
21111 0
21111 0
21111 0
21111 0
21111 0
21111 0
21111 0
21111 0
21111 0
21111 0
21111 0
21111 0
21111 0
21111 0
21111 0
21111 0
21111 0
21111 0
21111 0
21111 0
21111 0
21111 0
21111 0
33501 0
33501 0
33501 0
33501 0
33501 0
33501 0
33501 0
33501 0
33501 0
33501 0
33501 0
14579 0
37836 0
37836 0
37836 0
37836 0
774 0
774 0
774 0
774 0
774 0
774 0
774 0
774 0
774 0
774 0
774 0
774 0
774 0
774 0
774 0
774 0
774 0
774 0
774 0
774 0
774 0
774 0
774 0
774 0
774 0
774 0
774 0
774 0
774 0
774 0
774 0
774 0
774 0
774 0
774 0
774 0
774 0
774 0
774 0
774 0
7530 0
7530 0
7530 0
7530 0
36645 0
36645 0
36334 0
1430 0
1430 0
21241 0
39817 0
39817 0
39817 0
39817 0
39817 0
39817 0
39817 0
39817 0
39817 0
39817 0
32605 0
32605 0
32605 0
32605 0
22416 0
22416 0
40090 0
8342 0
8342 0
8342 0
8342 0
8342 0
8342 0
8342 0
8342 0
8342 0
8342 0
8342 0
8342 0
8342 0
8342 0
18170 0
18170 1
18170 1
18170 1
18170 1
18170 0
18170 1
18170 1
18170 1
18170 1
40469 0
40469 0
33450 0
4591 0
4591 0
40092 0
21900 0
21900 0
17518 0
17518 1
17518 1
17518 1
17518 1
32559 0
32559 0
32559 0
32559 0
32559 0
32559 0
32559 0
32559 0
32559 0
32559 0
32559 0
40118 0
40118 0
27024 0
27024 0
347 0
347 0
347 0
347 0
347 0
347 0
347 0
347 0
347 0
347 0
3985 0
3985 0
39019 0
35637 0
28869 0
28869 0
18438 1
18438 1
14758 0
14758 0
14994 1
14994 1
35806 0
35806 0
40241 0
40241 0
40241 0
10107 0
10107 0
10107 0
10107 0
10107 0
10107 0
10107 0
10107 0
10107 0
5515 0
5515 0
5515 0
5515 0
5515 0
5515 0
5515 0
5515 0
5515 0
5515 0
5515 0
5515 0
5515 0
27486 0
27486 0
40353 0
39684 0
39684 0
9611 0
9611 0
27334 0
27334 0
39644 0
39644 0
36563 0
36563 0
36563 0
36563 0
1879 0
1879 0
1879 0
1879 0
1879 0
1879 0
39269 0
10604 0
10604 0
10604 0
2021 0
2021 0
2021 0
2021 0
14274 0
14274 0
14274 0
14274 0
14274 0
14274 0
14274 0
14274 0
40341 0
40341 0
39127 0
39127 0
39127 0
34577 0
34577 0
21999 0
21999 0
16884 0
16884 0
16884 0
16884 1
16884 1
16884 1
16884 1
16884 0
16884 0
16884 0
16884 1
16884 1
16884 1
16884 1
16884 0
16884 0
16884 0
16884 1
16884 1
16884 1
16884 1
23803 0
23803 0
39326 0
39326 0
5629 0
5629 0
3270 0
14458 0
14458 0
14458 0
30101 0
9600 0
9600 0
9600 0
9600 0
9600 0
9600 0
40425 0
40425 0
40425 0
40425 0
1710 0
9221 0
9221 0
9221 0
3255 0
3255 0
3255 0
3255 0
3255 0
3255 0
3255 0
3255 0
3255 0
39705 0
39705 0
39705 0
39705 0
39705 0
39705 0
39705 0
39705 0
39664 0
39664 0
39664 0
39664 0
39664 0
39664 0
12182 0
12182 0
12182 0
12182 0
12182 0
12182 0
12182 0
12182 0
30460 0
30460 0
30460 0
30460 0
30460 0
30460 0
4679 0
4679 0
4679 0
4679 0
4679 0
4679 0
40340 0
40340 0
40340 0
40340 0
15 0
15 0
15 0
15 0
15 0
15 0
15 0
15 0
15 0
15 0
44 0
223 0
223 0
223 0
223 0
223 0
223 0
292 0
292 0
300 0
300 0
466 0
470 0
470 0
470 0
470 0
470 0
470 0
470 0
470 0
470 0
470 0
470 0
470 0
470 0
470 0
470 0
470 0
1027 0
1027 0
1027 0
1041 0
1041 0
1041 0
1041 0
1226 0
1226 0
1226 0
1226 0
1226 0
1288 0
1288 0
1456 0
1518 0
1518 0
1518 0
1518 0
1518 0
1518 0
1518 0
1518 0
1518 0
1518 0
1518 0
1518 0
1518 0
1518 0
1518 0
1518 0
1518 0
1518 0
1518 0
1518 0
1518 0
1518 0
1518 0
1518 0
1518 0
1518 0
1518 0
1518 0
1518 0
1518 0
1518 0
1518 0
1518 0
1518 0
1518 0
1518 0
1518 0
1518 0
1518 0
1518 0
1518 0
1518 0
1518 0
1518 0
1518 0
1518 0
1518 0
1518 0
1570 0
1570 0
1697 0
1697 0
1697 0
1824 0
2717 0
2821 0
2821 0
4481 0
4523 0
4523 0
4523 0
4523 0
4523 0
4523 0
4523 0
4523 0
4619 0
4645 0
4645 0
4645 0
5133 0
5133 0
5572 0
5591 0
5591 0
6003 0
6003 0
6003 0
6003 0
6003 0
6003 0
6003 0
6003 0
6003 0
6003 0
6003 0
6003 0
6297 0
6297 0
6297 0
6348 0
6404 0
6596 0
6596 0
6596 0
6743 0
6743 0
6743 0
6743 0
6743 0
6743 0
6743 0
6743 0
6743 0
6743 0
6743 0
6743 0
6743 0
6743 0
6743 0
6743 0
6743 0
6743 0
6753 0
6753 0
6753 0
6753 0
6753 0
6753 0
6753 0
6753 0
6753 0
6753 0
6753 0
6753 0
6798 0
6798 0
6798 0
6798 0
6798 0
6798 0
6798 0
6798 0
6798 0
6798 0
6798 0
6798 0
6806 0
6806 0
6806 0
6806 0
6806 0
6806 0
6833 0
6833 0
6929 0
6929 0
7440 0
7440 0
7440 0
7440 0
7440 0
7440 0
7570 0
7570 0
7570 0
7891 0
7891 0
8233 0
8233 0
8233 0
8233 0
8233 0
8233 0
8233 0
8233 0
8233 0
8555 0
8555 0
8555 0
8598 0
8598 0
8598 0
8598 0
8598 0
8598 0
8598 0
8598 0
8606 0
8606 0
8606 0
8606 0
8606 0
8606 0
8606 0
8647 0
8647 0
8647 0
8647 0
8647 0
8647 0
8647 0
8647 0
8766 0
8766 0
8766 0
8766 0
8766 0
8766 0
8939 0
8939 0
9242 0
9309 0
9309 0
9329 0
9329 0
9329 0
9329 0
9329 0
9329 0
9333 0
9333 0
9445 0
9502 0
9502 0
9502 0
9502 0
9502 0
9502 0
9750 0
9750 0
9750 0
9750 0
9750 0
9750 0
9750 0
9750 0
9750 0
9750 0
9750 0
9750 0
9750 0
9750 0
9750 0
9750 0
9750 0
9750 0
9750 0
9750 0
9750 0
9750 0
9750 0
9750 0
9750 0
9750 0
9750 0
9750 0
9750 0
9750 0
9750 0
9750 0
9750 0
9750 0
9750 0
9750 0
9750 0
9750 0
9759 0
9759 0
9759 0
9759 0
9759 0
9759 0
9779 0
9779 0
9779 0
9802 0
9820 0
9820 0
9820 0
9820 0
9820 0
9820 0
9820 0
9820 0
9843 0
9843 0
9843 0
9843 0
9843 0
9843 0
9843 0
9843 0
9843 0
9843 0
9843 0
9843 0
9843 0
9843 0
9843 0
9843 0
9843 0
9843 0
9843 0
9843 0
9843 0
9843 0
9843 0
9843 0
9843 0
9843 0
9843 0
9843 0
9843 0
9843 0
9843 0
9843 0
9843 0
9843 0
9843 0
9843 0
9843 0
9843 0
9843 0
9858 0
9858 0
9892 0
9978 0
9978 0
9978 0
9978 0
9978 0
9978 0
9998 0
9998 0
9998 0
10022 0
10022 0
10022 0
10129 0
10129 0
10129 0
10129 0
10129 0
10129 0
10146 0
10146 0
10146 0
10146 0
10186 0
10186 0
10186 0
10186 0
10186 0
10186 0
10186 0
10186 0
10186 0
10186 0
10186 0
10186 0
10186 0
10186 0
10186 0
10186 0
10186 0
10186 0
10186 0
10186 0
10186 0
10186 0
10186 0
10186 0
10233 0
10233 0
10233 0
10253 0
10253 0
10253 0
10431 0
10431 0
10431 0
10559 0
10559 0
10559 0
10559 0
10559 0
10559 0
10559 0
10559 0
10559 0
10559 0
10559 0
10559 0
10559 0
10559 0
10559 0
10559 0
10559 0
10559 0
10559 0
10559 0
10559 0
10661 0
10661 0
10755 0
10755 0
10755 0
10758 0
10758 0
10758 0
10763 0
10763 0
10763 0
10763 0
10763 0
10763 0
10763 0
10803 0
10803 0
10803 0
10807 0
10826 0
10826 0
10826 0
10831 0
10831 0
10831 0
10855 0
10933 0
10933 0
10933 0
10933 0
10933 0
10933 0
10933 0
10933 0
10933 0
10933 0
10933 0
10933 0
11178 0
11178 0
11182 0
11182 0
11182 0
11182 0
11182 0
11182 0
11182 0
11182 0
11182 0
11323 0
11339 0
11339 0
11346 0
11346 0
11415 0
11418 0
11418 0
11526 0
11640 0
11642 0
11684 0
11684 0
11711 0
11727 0
11727 0
11727 0
11727 0
11727 0
11727 0
11765 0
11765 0
11765 0
11773 0
11773 0
11775 0
11949 0
12044 0
12044 0
12044 0
12044 0
12115 0
12115 0
12115 0
12115 0
12115 0
12115 0
12075 0
12075 0
12075 0
13458 0
13458 0
15422 0
16590 0
16590 0
16590 0
16590 0
16590 0
16590 0
16590 0
16590 0
16590 0
16590 0
16590 0
16590 0
18771 1
18771 1
18771 1
18771 1
18771 1
22438 0
28157 0
28157 0
30012 0
30012 0
33354 0
33575 0
33575 0
33575 0
33575 0
36696 0
36696 0
36696 0
36696 0
39366 0
2189 1
2189 1
2189 1
2189 1
2189 1
2189 1
2189 1
2189 1
2189 1
2189 1
2189 1
2189 1
2189 1
27263 1
27263 1
27263 1
27263 1
27263 1
27263 1
22247 1
22247 1
22247 1
22247 1
1044 0
1044 0
1044 1
1044 1
1044 0
1044 0
1044 1
1044 1
1044 0
1044 0
1044 1
1044 1
1044 0
1044 0
1044 1
1044 1
1044 0
1044 0
1044 1
1044 1
1044 0
1044 0
1044 1
1044 1
3054 0
3054 1
3054 1
3054 1
3054 0
3054 1
3054 0
3054 1
3054 1
3054 1
3054 0
3054 1
3054 0
3054 1
3054 1
3054 1
3054 0
3054 1
3054 0
3054 1
3054 1
3054 1
3054 0
3054 1
3054 0
3054 1
3054 1
3054 1
3054 0
3054 1
3054 0
3054 1
3054 1
3054 1
3054 0
3054 1
3054 0
3054 1
3054 1
3054 1
3054 0
3054 1
3054 0
3054 1
3054 1
3054 1
3054 0
3054 1
3054 0
3054 1
3054 1
3054 1
3054 0
3054 1
3054 0
3054 1
3054 1
3054 1
3054 0
3054 1
3054 0
3054 1
3054 1
3054 1
3054 0
3054 1
3054 0
3054 1
3054 1
3054 1
3054 0
3054 1
3054 0
3054 1
3054 1
3054 1
3054 0
3054 1
3054 0
3054 1
3054 1
3054 1
3054 0
3054 1
3054 0
3054 1
3054 1
3054 1
3054 0
3054 1
3054 0
3054 1
3054 1
3054 1
3054 0
3054 1
3054 0
3054 1
3054 1
3054 1
3054 0
3054 1
3054 0
3054 1
3054 1
3054 1
3054 0
3054 1
3054 0
3054 1
3054 1
3054 1
3054 0
3054 1
3054 0
3054 1
3054 1
3054 1
3054 0
3054 1
30046 1
30046 1
30046 1
30046 1
30046 1
13076 1
13076 1
13076 1
13076 1
13076 1
13076 1
13076 1
13076 1
13076 1
13076 1
13076 1
13076 1
13076 1
13076 1
13076 1
13076 1
13076 1
13076 1
13076 1
13076 1
13076 1
13076 1
13076 1
13076 1
13076 1
13076 1
13076 1
13076 1
13076 1
13076 1
13076 1
13076 1
13076 1
13076 1
13076 1
13076 1
13076 1
13076 1
13076 1
13076 1
13076 1
13076 1
13076 1
13076 1
13076 1
13076 1
13076 1
13076 1
13076 1
13076 1
13076 1
13076 1
13076 1
13076 1
13076 1
13076 1
13076 1
13076 1
13076 1
13076 1
13076 1
13076 1
13076 1
13076 1
13076 1
13076 1
13076 1
13076 1
13076 1
13076 1
13076 1
13076 1
13076 1
13076 1
13076 1
13076 1
13076 1
13076 1
13076 1
13076 1
13076 1
13076 1
13076 1
13076 1
13076 1
13076 1
13076 1
13076 1
13076 1
13076 1
13076 1
13076 1
13076 1
13076 1
13076 1
13076 1
13076 1
13076 1
13076 1
13076 1
13076 1
13076 1
13076 1
13076 1
13076 1
13076 1
13076 1
13076 1
13076 1
13076 1
13076 1
13076 1
13076 1
13076 1
13076 1
13076 1
13076 1
13076 1
13076 1
13076 1
13076 1
13076 1
13076 1
13076 1
13076 1
13076 1
13076 1
13076 1
13076 1
13076 1
13076 1
13076 1
13076 1
13076 1
13076 1
13076 1
13076 1
13076 1
13076 1
13076 1
13076 1
13076 1
13076 1
13076 1
13076 1
13076 1
13076 1
13076 1
13076 1
13076 1
13076 1
13076 1
13076 1
13076 1
13076 1
13076 1
13076 1
13076 1
13076 1
13076 1
13076 1
13076 1
13076 1
13076 1
13076 1
13076 1
13076 1
13076 1
13076 1
13076 1
13076 1
13076 1
13076 1
13076 1
13076 1
13076 1
13076 1
13076 1
13076 1
13076 1
13076 1
13076 1
13076 1
13076 1
13076 1
13076 1
13076 1
13076 1
13076 1
13076 1
13076 1
13076 1
13076 1
13076 1
13076 1
13076 1
13076 1
13076 1
13076 1
13076 1
13076 1
13076 1
13076 1
13076 1
13076 1
13076 1
13076 1
13076 1
13076 1
13076 1
13076 1
13076 1
13076 1
13076 1
13076 1
13076 1
13076 1
13076 1
13076 1
13076 1
13076 1
13076 1
13076 1
13076 1
13076 1
13076 1
13076 1
13076 1
13076 1
13076 1
13076 1
13076 1
13076 1
13076 1
13076 1
13076 1
13076 1
13076 1
13076 1
13076 1
13076 1
13076 1
13076 1
13076 1
13076 1
13076 1
13076 1
13076 1
13076 1
13076 1
13076 1
13076 1
13076 1
13076 1
13076 1
13076 1
13076 1
13076 1
13076 1
13076 1
13076 1
13076 1
13076 1
13076 1
13076 1
13076 1
13076 1
13076 1
13076 1
13076 1
13076 1
13076 1
13076 1
13076 1
13076 1
13076 1
13076 1
13076 1
13076 1
13076 1
13076 1
13076 1
13076 1
13076 1
13076 1
13076 1
13076 1
13076 1
13076 1
13076 1
13076 1
13076 1
13076 1
13076 1
13076 1
13076 1
13076 1
13076 1
13076 1
13076 1
13076 1
13076 1
13076 1
13076 1
13076 1
13076 1
13076 1
13076 1
13076 1
13076 1
13076 1
13076 1
13076 1
13076 1
13076 1
13076 1
13076 1
13076 1
13076 1
13076 1
13076 1
13076 1
13076 1
13076 1
13076 1
13076 1
13076 1
13076 1
13076 1
13076 1
13076 1
13076 1
13076 1
13076 1
13076 1
13076 1
13076 1
13076 1
13076 1
13076 1
13076 1
13076 1
13076 1
13076 1
13076 1
13076 1
13076 1
13076 1
13076 1
13076 1
13076 1
13076 1
13076 1
13076 1
13076 1
13076 1
13076 1
13076 1
13076 1
13076 1
13076 1
13076 1
13076 1
13076 1
13076 1
13076 1
13076 1
13076 1
13076 1
13076 1
13076 1
13076 1
13076 1
13076 1
13076 1
13076 1
13076 1
13076 1
13076 1
13076 1
13076 1
13076 1
13076 1
13076 1
13076 1
13076 1
13076 1
13076 1
13076 1
13076 1
13076 1
13076 1
13076 1
13076 1
13076 1
13076 1
13076 1
13076 1
13076 1
13076 1
13076 1
13076 1
13076 1
13076 1
13076 1
13076 1
13076 1
13076 1
13076 1
13076 1
13076 1
13076 1
13076 1
13076 1
13076 1
13076 1
13076 1
13076 1
13076 1
13076 1
13076 1
13076 1
13076 1
13076 1
13076 1
13076 1
13076 1
13076 1
13076 1
13076 1
13076 1
13076 1
13076 1
13076 1
13076 1
13076 1
13076 1
13076 1
13076 1
13076 1
13076 1
6881 1
6881 1
6881 1
6881 1
28974 1
28974 1
28974 1
28974 1
27188 1
27188 1
27188 1
27188 1
27188 1
38724 1
38724 1
38724 1
38724 1
38724 1
38724 1
14353 1
14353 1
14353 1
14353 1
27159 1
27159 1
27159 1
27159 1
15458 1
15458 1
15458 1
15458 1
15458 1
15458 1
25808 1
25808 1
25808 1
25808 1
25808 1
25808 1
1751 1
1751 1
1751 1
1751 1
1751 1
1751 1
28687 1
28687 1
28687 1
28687 1
26523 1
26523 1
26523 1
26523 1
26523 1
26523 1
17043 1
17043 1
17043 1
17043 1
14945 1
14945 1
14945 1
14945 1
1403 1
1403 1
1403 1
1403 1
1403 1
1403 1
25196 1
25196 1
25196 1
25196 1
21697 1
21697 1
21697 1
21697 1
21697 1
17009 1
17009 1
17009 1
17009 1
17009 1
23421 1
23421 1
23421 1
23421 1
23421 1
11719 1
11719 1
11719 1
11719 1
11719 1
11719 1
24007 1
24007 1
24007 1
24007 1
24007 1
24007 1
39866 1
39866 1
39866 1
39866 1
39866 1
39866 1
39866 1
39866 1
21755 1
21755 1
21755 1
21755 1
21755 1
21755 1
22074 1
22074 1
22074 1
22074 1
22074 1
22074 1
16925 1
16925 1
16925 1
16925 1
21390 1
21390 1
21390 1
21390 1
21390 1
21390 1
2387 1
2387 0
2387 0
2387 0
2387 1
2387 0
2387 0
2387 0
2387 1
2387 0
2387 0
2387 0
2387 1
2387 0
2387 0
2387 0
2387 1
2387 0
2387 0
2387 0
2387 1
2387 0
2387 0
2387 0
2387 1
2387 0
2387 0
2387 0
2387 1
2387 0
2387 0
2387 0
2387 1
2387 0
2387 0
2387 0
2387 1
2387 0
2387 0
2387 0
40038 1
40038 1
40038 1
40038 1
13952 1
13952 1
13952 1
13952 1
13952 0
21886 1
21886 1
21886 1
21886 1
21886 1
21886 1
21886 1
21886 1
39973 1
39973 1
39973 1
39973 1
39973 1
39973 1
39973 1
39973 1
39973 1
39973 1
39973 1
39973 1
10715 1
10715 1
10715 1
10715 1
10715 1
10715 1
10715 1
10715 1
10715 1
10715 1
593 1
593 1
667 1
667 1
739 1
739 1
739 1
1813 1
1813 0
1813 1
1813 0
1813 1
1813 0
2252 1
2252 1
2252 1
2252 1
2529 1
2529 1
2563 1
2563 1
2563 0
2563 1
4453 1
4453 1
4453 1
4453 1
4453 1
4453 1
4453 1
4453 1
4453 1
4453 1
4453 1
4453 1
4453 1
4453 1
4453 1
4453 1
4453 1
4453 1
4453 1
4453 1
4453 1
4453 1
4453 1
4453 1
4453 1
4453 1
4453 1
4453 1
4453 1
4453 1
4453 1
4453 1
4453 1
4604 1
4604 0
4604 0
4604 1
4604 0
4604 0
4699 1
4699 1
4699 1
4699 1
4699 1
4699 1
4699 1
4699 1
4699 1
4699 1
4699 1
4699 1
4699 1
4699 1
4699 1
4699 1
4699 1
4699 1
4699 1
4699 1
4699 1
4699 1
4699 1
4699 1
4699 1
4699 1
4699 1
4699 1
4699 1
4699 1
4699 1
4699 1
4699 1
4699 1
4699 1
4699 1
4699 1
4699 1
4699 1
4699 1
4699 1
4699 1
4699 1
4699 1
4699 1
4699 1
4699 1
4699 1
4699 1
4699 1
4699 1
4699 1
4699 1
4699 1
4699 1
4699 1
4699 1
4699 1
4699 1
4699 1
4699 1
4699 1
4699 1
4699 1
4699 1
4699 1
4699 1
4699 1
4699 1
4699 1
4699 1
4699 1
4699 1
4699 1
4699 1
4699 1
4699 1
4699 1
4699 1
4699 1
4699 1
4699 1
4699 1
4699 1
4699 1
4699 1
4699 1
4699 1
4699 1
4699 1
4699 1
4699 1
4699 1
4699 1
4699 1
4699 1
4699 1
4699 1
4699 1
4699 1
4699 1
4699 1
4699 1
4699 1
4699 1
4699 1
4699 1
4699 1
4699 1
4699 1
4699 1
4699 1
4699 1
4699 1
4699 1
4699 1
4699 1
4699 1
4699 1
4699 1
4699 1
4699 1
4699 1
4699 1
4699 1
4699 1
4699 1
4699 1
4699 1
4699 1
4699 1
4699 1
4699 1
4699 1
4699 1
4699 1
4699 1
4699 1
4699 1
4699 1
4699 1
4699 1
4699 1
4699 1
4699 1
4699 1
4699 1
4699 1
5400 1
5580 1
5580 1
5650 1
5650 1
5650 1
5650 1
5650 1
5650 1
5650 1
5650 1
6149 1
6149 1
6149 1
6149 1
6149 1
6149 1
6149 1
6149 1
6149 1
6149 1
6149 1
6149 1
6220 1
6220 1
6220 1
6220 1
6272 1
6272 1
6272 1
6272 1
6272 1
6272 1
6272 1
6272 1
6272 1
6272 1
6272 1
6272 1
6272 1
6272 1
6272 1
6272 1
6272 1
6272 1
7330 1
7330 1
7330 1
7330 1
7338 1
7338 1
7338 1
7419 1
7419 1
7419 1
7419 1
7419 1
7419 1
7419 1
7419 1
7511 1
7511 1
7511 1
7511 1
7519 1
7519 1
7519 1
7519 1
7519 1
7519 1
7519 1
7519 1
7519 1
7519 1
7519 1
7519 1
7519 1
7519 1
7519 1
7519 1
7519 1
7519 1
7593 1
7593 1
7593 1
7593 1
7696 1
7696 1
7696 1
7696 1
7696 1
7696 1
7724 1
7724 1
7724 1
7724 1
7736 1
7736 1
7736 1
7736 1
7736 1
7736 1
7736 1
7736 1
7736 1
7736 1
7753 1
7753 1
7753 1
7753 1
7753 1
7753 1
7775 1
7775 1
7775 1
7775 1
8099 1
8099 1
8099 1
8099 1
8099 0
8099 1
8099 1
8099 0
8099 0
8099 1
8099 1
8099 1
8099 1
8099 0
8099 1
8099 1
8099 0
8099 0
8099 1
8099 1
8099 1
8099 1
8099 0
8099 1
8099 1
8099 0
8099 0
8099 1
8099 1
8099 1
8099 1
8099 0
8099 1
8099 1
8099 0
8099 0
8139 1
8139 1
8139 1
8139 1
8139 1
8139 1
8139 1
8139 1
8139 1
8139 1
8139 1
8139 1
8139 1
8139 1
8139 1
8293 1
8293 1
8293 1
8293 1
8305 1
8305 1
8305 1
8305 1
8305 1
8305 1
8305 1
8305 0
8305 0
8305 1
8305 1
8305 1
8305 1
8305 1
8305 1
8305 1
8305 1
8305 1
8305 1
8305 1
8305 1
8305 0
8305 0
8305 1
8305 1
8305 1
8305 1
8305 1
8305 1
8305 1
8305 1
8305 1
8305 1
8305 1
8305 1
8305 0
8305 0
8305 1
8305 1
8305 1
8305 1
8305 1
8305 1
8305 1
8305 1
8305 1
8305 1
8305 1
8305 1
8305 0
8305 0
8305 1
8305 1
8305 1
8305 1
8305 1
8497 1
8497 1
9208 1
9208 1
9208 1
9208 1
9210 1
9210 1
9210 1
9210 1
9210 1
9210 1
9428 0
9428 0
9428 0
9428 0
9428 0
9428 0
9428 0
9428 0
9428 0
9428 0
9428 0
9428 0
9428 0
9428 0
9428 0
9428 0
9428 0
9428 1
9428 0
9428 1
9428 0
9428 0
9428 0
9428 0
9428 0
9428 0
9428 0
9428 0
9428 0
9428 0
9428 0
9428 0
9428 1
9428 1
9428 1
9428 0
9428 0
9428 0
9428 0
9428 0
9428 0
9428 0
9428 0
9428 0
9428 0
9428 0
9428 0
9428 0
9428 0
9428 0
9428 0
9428 0
9428 1
9428 0
9428 1
9428 0
9428 0
9428 0
9428 0
9428 0
9428 0
9428 0
9428 0
9428 0
9428 0
9428 0
9428 0
9428 1
9428 1
9428 1
9479 1
9479 1
9483 0
9483 0
9483 0
9483 1
9483 1
9483 1
9483 1
9695 0
9695 0
9695 0
9695 0
9695 0
9695 0
9695 0
9695 1
9695 1
9695 0
9695 0
9695 0
9695 0
9695 0
9695 0
9695 0
9695 1
9695 1
10159 1
10159 1
10369 1
10369 1
10369 1
10369 1
10369 1
10369 0
10369 1
10369 1
10369 1
10369 1
10369 1
10369 0
10369 1
10369 1
10369 1
10369 1
10369 1
10369 0
10547 1
10547 1
10547 1
10547 1
10547 1
10547 1
11128 1
11128 1
11128 1
11128 1
11159 0
11159 0
11159 0
11159 0
11159 0
11159 0
11159 0
11159 0
11159 0
11159 0
11159 0
11159 0
11159 0
11159 0
11159 0
11159 0
11159 0
11159 0
11159 0
11159 0
11159 0
11159 0
11159 0
11159 0
11159 0
11159 0
11159 0
11159 0
11159 0
11159 0
11159 0
11159 0
11159 0
11159 0
11159 0
11159 0
11159 0
11159 0
11159 0
11159 0
11159 0
11159 0
11159 0
11159 0
11159 0
11159 0
11159 0
11159 0
11159 0
11159 0
11159 0
11159 0
11159 0
11159 0
11159 0
11159 0
11159 0
11159 0
11159 0
11159 0
11159 0
11159 0
11159 0
11159 0
11159 0
11159 0
11159 0
11159 0
11159 0
11159 0
11159 0
11159 0
11159 0
11159 0
11159 0
11159 0
11159 0
11159 0
11159 0
11159 0
11159 0
11159 0
11159 0
11159 0
11159 0
11159 0
11159 0
11159 0
11159 0
11159 0
11159 0
11191 1
11191 1
11191 1
11243 1
11243 1
11243 1
11243 1
11257 0
11257 1
11257 1
11257 1
11348 1
11348 1
11348 1
11348 1
11351 0
11351 0
11351 0
11351 0
11351 0
11351 0
11351 0
11351 0
11351 0
11351 0
11351 0
11351 0
11351 0
11351 0
11351 0
11351 0
11351 0
11351 0
11351 0
11351 0
11351 0
11351 0
11351 0
11351 0
11351 0
11351 0
11351 0
11351 0
11351 0
11351 0
11351 0
11351 0
11351 1
11351 1
11351 1
11351 1
11351 1
11351 0
11351 0
11351 0
11351 0
11351 0
11351 0
11351 0
11351 0
11351 0
11351 0
11351 0
11351 0
11351 0
11351 0
11351 0
11351 0
11351 0
11351 0
11351 0
11351 0
11351 0
11351 0
11351 0
11351 0
11351 0
11351 0
11351 0
11351 0
11351 0
11351 0
11351 0
11351 0
11351 1
11351 1
11351 1
11351 1
11351 1
11407 1
11407 1
11407 1
11407 1
11407 1
11407 1
11457 1
11457 1
11457 1
11457 1
11457 1
11457 1
11457 1
11457 1
11457 1
11457 1
11457 1
11457 1
11457 1
11457 1
11457 1
11457 1
11457 1
11457 1
11457 1
11457 1
11457 1
11457 1
11457 1
11457 1
11457 1
11457 1
11457 1
11457 1
11457 1
11457 1
11457 1
11457 1
11457 1
11457 1
11457 1
11457 1
11457 1
11457 1
11457 1
11457 1
11457 1
11457 1
11457 1
11457 1
11457 1
11457 1
11457 1
11457 1
11457 1
11457 1
11457 1
11457 1
11457 1
11457 1
11457 1
11539 1
11539 1
11539 1
11539 0
11539 0
11539 1
11539 1
11539 0
11539 0
11566 1
11566 1
11566 1
11566 1
11566 1
11566 1
11566 1
11566 1
11566 1
11566 1
11568 1
11568 1
11568 1
11568 1
11568 1
11568 1
11568 1
11568 1
11861 1
11861 1
11861 1
14953 0
14953 1
14953 0
14953 1
16152 0
16152 0
16152 0
16152 0
16152 0
16152 0
16152 0
16152 0
16152 0
16152 0
16152 0
16152 0
16152 0
16152 0
16152 0
16152 0
16152 0
16152 0
16152 0
16152 0
16152 0
16152 0
16152 0
16152 0
16152 0
16152 0
16152 0
16152 0
16152 0
16152 0
16152 0
16152 0
16152 1
16152 1
16152 1
16152 1
16152 1
16957 0
16957 1
16957 1
16957 1
16957 1
16957 1
16957 0
16957 1
16957 1
16957 1
16957 1
16957 1
16957 0
16957 1
16957 1
16957 1
16957 1
16957 1
17907 0
17907 0
17907 0
17907 0
17907 0
17907 0
17907 0
17907 0
17907 0
17907 0
17907 0
17907 0
17907 0
17907 0
17907 0
17907 0
17907 0
17907 0
17907 0
17907 0
17907 0
17907 0
17907 0
17907 0
17907 0
17907 0
17907 0
17907 0
17907 0
17907 0
17907 0
17907 0
17907 0
17907 0
17907 1
17907 1
17907 1
17907 0
17907 0
17907 0
17907 0
17907 0
17907 0
17907 0
17907 0
17907 0
17907 0
17907 0
17907 0
17907 0
17907 0
17907 0
17907 0
17907 0
17907 0
17907 0
17907 0
17907 0
17907 0
17907 0
17907 0
17907 0
17907 0
17907 0
17907 0
17907 0
17907 0
17907 0
17907 0
17907 0
17907 0
17907 1
17907 1
17907 1
17907 0
17907 0
17907 0
17907 0
17907 0
17907 0
17907 0
17907 0
17907 0
17907 0
17907 0
17907 0
17907 0
17907 0
17907 0
17907 0
17907 0
17907 0
17907 0
17907 0
17907 0
17907 0
17907 0
17907 0
17907 0
17907 0
17907 0
17907 0
17907 0
17907 0
17907 0
17907 0
17907 0
17907 0
17907 1
17907 1
17907 1
17907 0
17907 0
17907 0
17907 0
17907 0
17907 0
17907 0
17907 0
17907 0
17907 0
17907 0
17907 0
17907 0
17907 0
17907 0
17907 0
17907 0
17907 0
17907 0
17907 0
17907 0
17907 0
17907 0
17907 0
17907 0
17907 0
17907 0
17907 0
17907 0
17907 0
17907 0
17907 0
17907 0
17907 0
17907 1
17907 1
17907 1
17907 0
17907 0
17907 0
17907 0
17907 0
17907 0
17907 0
17907 0
17907 0
17907 0
17907 0
17907 0
17907 0
17907 0
17907 0
17907 0
17907 0
17907 0
17907 0
17907 0
17907 0
17907 0
17907 0
17907 0
17907 0
17907 0
17907 0
17907 0
17907 0
17907 0
17907 0
17907 0
17907 0
17907 0
17907 1
17907 1
17907 1
17907 0
17907 0
17907 0
17907 0
17907 0
17907 0
17907 0
17907 0
17907 0
17907 0
17907 0
17907 0
17907 0
17907 0
17907 0
17907 0
17907 0
17907 0
17907 0
17907 0
17907 0
17907 0
17907 0
17907 0
17907 0
17907 0
17907 0
17907 0
17907 0
17907 0
17907 0
17907 0
17907 0
17907 0
17907 1
17907 1
17907 1
17949 0
17949 1
17949 1
17949 1
17949 1
17949 1
17949 1
17949 1
17949 0
17949 1
17949 1
17949 1
17949 1
17949 1
17949 1
17949 1
20259 1
20259 1
20259 1
20259 1
20259 1
20259 1
20259 1
20259 1
20259 1
20259 1
20259 1
20259 1
20259 1
20259 1
20259 1
20259 1
20259 1
20259 1
20259 1
20259 1
20259 1
20259 1
20259 1
20259 1
20888 1
20888 1
20888 1
22273 1
22273 1
22273 1
22273 1
22714 0
22714 1
22714 1
35713 1
35713 1
35713 0
35713 1
35713 0
35713 0
35897 1
35897 0
35897 0
35897 1
35897 1
35897 1
35897 0
35897 0
35897 1
35897 1
35897 1
35897 0
35897 0
35897 1
35897 1
37390 1
37390 1
37390 0
37390 1
38239 1
39091 1
